000305704025807000093002060000700480300000100000000092000156300000000200008000040
000610003000090802100005000000803000720004031040120060609208040005000007300000000
308050000009360500100008600000040080000000302000080076040007020032800100000030704
601000030070106000250780060020003009000090480009800500000560100000902000710000000
000005372000009600801000400400000708000130060605070009300780000000003000704961000
300900500400087009700050100007060300000700020804100000100000000200091658000005702
000000657000001000009670000054200060030100000096000132000000981080016700210300000
080600004006009030000010902052000007000500000010004500000000498608040010400892700
010602800050701004000950003000006000400175000006840005030000580060307900007000200
350409600000853001000600000940500300873000054002000000000071008009008030700000109
000720130140800090075000064001000080008002013004980200007006000806000050050000600
800300000590018006000746000073000980020000000080070010009000001400007253230450000
085760020009000000032009048057000000091300070600500200500420036006000700000600010
020000000084379002060200840790000008006090200050007109002000001073002050000708006
000040530500002000000005028070361009000700000003009200030098062180003405420000300
030020090205800700780000034006000070000005100000001362000503000013008057570604020
200040600040000000500026008050004086000761520001500000405000060900007010708650309
900050000100002040030648000780030900003000060601009523010005600050907100079001000
000049507700100804800702609010905760003000008000006040000504300009020001070690000
201000600000450002400700018037060800504000001000003705080009007000304906000605083
600800051820403070305000000000000148180004007704900000008100205530000000002040830
000047362067830000000020001000102430900080000050069007003074008800000500020300174
100070003000000485804503000206150070010000002305700610000900000041685000678004000
300004710607900820000207093026000050504060000100500030000459082208070000040000007
100006090908300000060400080003040602420003000050060003009031800380972046010600000
000010000769000032500002060058074600000058300070206004687000003201803009300020000
000000014800076203009320050200000430010702060093000000040901006700003000930007548
781030060020100805049800000005008000000709602000000704000070000030620408160483500
000005000329406080050020010000180602802300000010070804206030078090000003030067005
050900068000000000603872100086703000000000016010060784000190032100080507000300890
000005000306100940004006703602003814000200009800040207178000000005000030043568000
008009600020050000091600500006502000870190050012034800000070060000248000700305029
068000007209361008104028000000540000080070050003002070040607820030004060800200090
530006087000000004080001900300509270000003000795100038100200003006000700903657020
002000400951000080460005970000742006587010009040000000670400090320059007000060020
600050730070000005003704000500070010130000482469000003000000040040902357705000206
706000208020300406030060700970506013060090007000030040000010302000740085005002900
019560700080000006000002019800039007490250860206007000900000081670040900005008000
000000070300809000200075039087090300001082000023107900902500006704923500008700000
003109200700080040900042760320000601060000000009801300000050007104036090597000830
269703005000001004040050600800496703003000000000000850538260000006085037907010000
000021003020460801100800069600900007008300000035000000280046105096158020000200080
006019000000005000093480207000000970700500010000037405009160020007053100018070534
090010450406000800000485670001800000028000931003009000079200005015006307000751000
080100064000850000100003080000207030031098706007000051650701908008600500020900003
040600209001009040023400070070000580082053600100800490094000030007390005030210000
000000500530802060004300807040001290810006450000040080605200078001070000370100609
920400030030090108081060940100000680840009701002800000060003890700002000050006014
000800734000503060600004925005079000800600000406030002562080040390000010708000250
030678140000003600006012005300006980000001007020090006008160490700000060643500020
030002000050064000200500436900841000062050048480200105000000054000038002817005000
609000005103865702000009000701003000060402000504981070400000008800007351050008040
107600090080000600300005800791526430006001075050400160000053000000060900000748006
000560000190030057006090043002000900049285000500000020307820060000643002024750000
500000001168000254002005378020000430040370000906100000300800040000003025004006893
008003410000000509300700000400000201009105000106002950080651724010007096700320000
500060903300200050097045120000050600409003000000910030003000579010009082000408360
000084607000021090009603008054007809802109005096005000063000000005000703017000540
007842000090035000000917000308470006472000030050301800806004079030000000040003580
000009720003600050008700000257108694604207800089000100402300080930000007000050006
001000020024673500300080070140830090793000050208060001000048000400200080009500032
000001007040300001560004320016940000950000060473008010007805000100006005020073096
000080006069003000370269005000006010040091000002407800093100527827030000010072000
003006290040702000650080000300000000109800052800630000400103509590060413001090060
000260080825003000000500007580000092700190000036780005000057301400300006650801070
640000000000053000390670002059300100003524900000918000470130290030009004010000036
000007200080100307510300060200000005600200008001504630100005006768401500005090704
400030629398400500001000800010270450600005000500000970080000004020010705756900008
026709000800065731037400000960300007001000050050080900000100000300007496605093002
390010052006007098010000300070005003005306071003781000980000000032000014540003007
030000940000106083090204710000000600060070002780600501006019050009008164001305000
005004300009000057702150048857000400200306870600008090010020930300000000904083000
000000081000870090904025000070008009600030708248910006400600002310040805809000430
901605240020009600800000091184032000500000070603900120050000310009570080408010000
030908000709341200008700009800090000052170004070000915004007592200050030006004007
714032009300700000602054000000096400400100060006843790000009080005320940047008000
000500638487000090605190000003004900020000460064970180000050049052081000700020800
293680000700290000054000000400060957570000860816500030007040000020050100000917028
046050200090030000510000400000509000700004109900103560630002041070040056009605720
002000070010250000457903200200065010008020047000070820005080106080490000020536900
000065089004000200801000507400080325900600000000021094370100450600074800040356000
562007000340016000000005208001000002805070001006148050050720900670901504000600007
030001009901207005602900703800000004094020006065000000006004937459100080308000400
000005900002600000085109607000006001800401793100080065000068300600237000300904520
020400006340100809008090201004010708200080900503020000470935080600800005000001407
640000700207000080000260394005070102470501009102900400851006003000003040090052000
000009000000070005006853004097080402310546008804027000200095860003104270060000000
010605390258900000600270004060000870034000905089023406006000057070008000000507030
050080436004000008000000572020390047300006000000127050560072309000000120902015700
289000100000079830003000000002001640064520381000000500020030090600040210400892706
008100090001800605405002000500781000000009003809604750000978506600403007000506040
006709504000503867470000000007380000042950000008001605014207003700090000069030400
000308000002010005403002106001000708607039514080140069500000007000060000038590021
546390000970000310030720506000267050090005600000000170000000801007810000010653702
020600307340050000601000895100230004003040006080069000706510430000000102200803600
560302004000450000340010002105000203806031000400506890007090000018000020004260015
010089000000000000060520039603000400002803065090000370506230014709008053030904007
060305847000000090080000503310040950900000070850600210005239681000800709000106000
800431692020080370306900400060102009030000010000049256150000000600004000248705000
020080103630570080809400020000920006090700002073065900040007060018050004300004201
000005209009600040407892000600300570800100903053079001060010000342007050000263007
098007000030906000460080000009478003502601400070250008000800702706094800003005069
860047001501002700007605020000300059908720000600000204005090160000003095400150087
380010067405007209006000084020008041501000026860100900000070493070400000600835000
003701000000500009000030064050090021048000306060103857010806073080010642200070008
801205000050000008006890510210004300030500497504000180162000000000600921300000846
800004060900080430000956820100002000089003000645009002500040093003000540001025678
000700610300100000050200809905010000470392501200000493041003082509040076600900000
840390127090000006000700598000104085025000370900000012009600001000080050230451060
726950010500640732400200095604718050002400079000000000165004027000000000908570000
900400670000080239700096580402005007100748305075012840000004162030000008000050000
001000490049600050800904002070109020005026340000435109056847030408003007000260000
600405700000800000900000015800000049050160000700000020001034000000500000540070180
000400600009080071310000080060070800000000004700300206050003900603004000048090000
502000004000000090000060200800010030031590000207000801653000000000034072020900000
960003000002000630000005004007100000080000052104008000005090080000200093308000201
320000000000176000009000050005600430400002060603000780502080070000003009000007040
006000900095280034100000008000704000003625700000900050000400003000050009900003100
042090000800060300070013280000005000000600000980040010004006500000002900068000073
920010036030000070000060000000520080840000720600070000000003807010000005309006010
370060090090807605400092070003700000740200800010000000100000020002000007000006040
000300400070006005000070080940020030020009010000047000506000000000701050008094601
002000410000074083060000072090040800087000009000500030075000090004009007000300020
350000700100080026008405009000000001090500640026000090500060000063810000000009000
895020300026000070070006090000000001418000000009002640000400750050100008003008000
090004710000035000480207000820000000000060008109000036001450000000006009043001007
000020095000000204500000300790048000026003010000200000600001807000902100207600009
900000007025040630046000001084030900000000870003058000007000010000500002068003050
706003400009000002001007095090010000000065000800020046060800000200100504008000360
100000500007802060000060807700501000800020000050903080690000108000070325000000009
230000009090800260000030000406080000920600710700000000002000406050270030008306000
000800413308000090900400200400000000005302000006048059100000980070000000200600107
002000009180050072070010030300006900060300007400000016000060003001004500600509000
604910500700300090000000406005040000062000000080096070006009804040008000000420009
090305000000060091120004008000000470640000800000009006062900087000580300800000020
001007043300290000607000100030000604400080000200000007800020509006500002050000301
050930070678400090000000510000002800504007000020140000006000400000380006940000003
805400000020100087100503000000900002010000400500000000067009000900030210300204709
400701080620000030005000000000698001040207300960103000010006000080000002000400510
070900800050600073200001560900403000600000040730092000512000000000000017000008090
002034069070000400000900020037060000200010050005809000068007093000000000091000078
809001670070000020000000809500094300600002000023050060900008000004900000008706290
700090000130000290904100670500408120000500000000010300000680910000709005060200000
407000053000000409050000020080020700096708000000005940040300800710206000300800200
700690000090000870020800504030120000080050030000000680000000000005940123070205008
341008709000040080000600200000002001005400023006000000020070090479580010500000007
008000005300010027700300090500200609000906803970000050000005000657000010104000080
830007000009080100004902000950304021000008307000090050000540000240000079300000080
600920000000008501000000609500804000003090008400103000001009270700006030009350004
081000006300400080000823009500000032860000700903072050006031070000040000000007040
072000000000470080000090036000908000904007020026001000000000047003050008010084592
700005081306000000010006700602000004407081000030040057078300590000010400000000002
763000002900000050480000630030096281800451090007000000000568000000230000000004000
002149000009006140000000008000060301905003600400000029600002070003417900000000003
000200000000073104000901073700004020026005040080000001908010000063080410007000009
470500001008400050006090803060010005700200030500900008000020000905000010004701009
001070096040002050003054712004000020000700008600005000206807900000000000900261000
047000030908075100000040009305900004000450600700000253010200005000006000080710000
096300007708605000030074001007000038000060059010009000000000200009003806082000300
030020010020043860400600090607082000002906000008001005000000003080000056009005001
860000000000693500100002907040000790012006000700050000400530609500007000000804200
000000029000000500060009040009200056047105300002600070103500094000318000050000030
000000080090002000003008621902300058008019000310050090600000370579000000000000506
001000000082400000009000582100004260000900007070020801000190640600005320030000700
000000708702913400000802000801600040000200800036000095943000501000000000020308000
000006400003900001080003097010860309900300086000001000007040200008630005500000060
105800000048300601060000000600008002900407005070020900400603090500002300800009007
209040180700600000001009600052000003000500000074002000008060040010005230027010560
000021403300400000100800009000980530970000002035600000080700105090000000000293706
290507000087260001000100024003000900109800007504000103010050000000480000706020000
053004160000003000080600700800000300005060079039075086070006000300200610400000020
000640000016250090000900068270005000038020000169004800000000036000001752700000004
700534060006090805000060173070200901400009000008300000000000006930600008000483000
704008000093000000008500200200000930000705480000090000005300628040050100631020004
530000200901230800082045003820000190004008000760010008000000007009100000308000050
609000000000040000510067300985600002473000009000008000801000073706000005094002008
000591300090308010000400900000700006200809750000040090003020008000000504650000239
600003090002000107090600008046000003980430075000500040000100000170048600000090530
000030000230604001800021400102080030080402900006070080300007009000208000010950000
050000200007030560900400000026350010105024803400000600040090020600000300008160000
567040093004030720000010400300070050402006930000301800800000000000008600901700000
040902001120000000569001702000000900000006080087400015206050300090000000300000164
001704006069000208000000100085020014740001050000000000003108500027005001000970080
430057200000100007510000009203009040600013008090000002100700000068421000320000000
107009800400000000090607025804005300600020010900000058000006200009008000501000986
000500070000000800520001300007038901090060007200400000700002003103000792900700150
700241000000379402004000000100730800600000500000008901080100200007400010030062080
006709008804000030507018000000000010480900000050001020270040005000507490600000170
090600752050037100010900006000040080805006400003080020900004030002070010000003900
800000060000100000300065009100470900480600702000203004000306207600020000920000530
002080900000100080008234005004000078900870002700000001020409350300700060000060009
010000520000370001804020000003700008000800160000600372086030000040000050201054080
603009250000080149000000000005400600000005000009800020230900010084006502097010830
630000500040800700089000004000002000324005109000040062000503800013008650500600020
608420370030800500200063000000001200509308000000900000010000700082037605005200080
610500004000068001020107685090000007476020100000700950004000502003001000700050000
000172008006590730250360000000000890700081400083000020090030070000000100000916080
000631209060700000903000000070106500400050017006802090000008000017304020030010060
029000500006150800700096240900500020000000003080029100001000000602840000030061490
500080000108037200400600000020500039805070010006000580059801700000403105000000800
025009007030002015100800900690080400000000700800927036241095000080104000000000000
008400000000200187050001040070930000020500930005082070107000060000700300340600019
040205039000400008006000510000700305000020090500369002002008003005030001390100040
010020400320000000000073200097000800830695100400200006005060020000700005000452703
000000003020000004000008907500030700002105600006780410098600301410300806000040070
000005070090000000038200001083020050200008006045190008000007810004000537070050049
540301087000500014130720000300007009700000008000040000050079000407802000009603040
040050003060000000050400109090010048000607001000940000016302700070094086309000400
005004016000590870004006005060900000408675900030802000600439000000000008003008160
040053060950000040260000070000900015027006000895740020000400850002010400080600200
900050000100002040030648000780030900003000060601009523010005600050907100079001000
340001200092030005007920000160500300703000089000173060000700840000008906000000720
700010642000060001006000500010006000040007850300009000062040107071500060004670920
860000700020060931790002000006021003080600100070500602049006000000084000600003049
000100030938000002000008709005000814000403090790860050006209300070506400080000006
004000208007000564002085037006300400105000003080900002000003000000042080238007905
000000000020096007006580924008005002700300000042700093007009040050000210380204700
802700610000080057100060809900010000000090560016070000040003080500040370083020100
900084000607020304043900008000050900500800070790402800009000023000003080026000417
060407000003062000000109080040080030000700608006520401108600024000040800000298510
040805370002300600800600400003096720007100560600070000000780010008000000704001853
000835000007694000065701000000006704080010065406300002020107500009000300614000200
100008540708005000000904600007002100020107059004800702300780094009000000002490070
905007300004200060360900017050000784040069003000040000000078000430090120086030070
809105000070603008000002967600010002912040000708209100020030009000000400091800005
800006079604000015000070300457200061098060000006407530705010000000050000002703050
400900020000600900093001500901060052025000300004000180500009600840306010307008005
030400790020807000904020810000750609000100370060008020201004007097000060046000100
352600000009003026608400100800000270000502640026000300507004010003800052000009060
020708000683000040410002008096007000300019200000000100509800401700920000230054900
026003900000000007740500601060000108000209000310000290001005379570601000200900510
000870020208090670769000000000900740002067030370020000400653090506000010000149007
080005601006308900579006030007004006800700023020000090005819060060007010700052000
003402870008071040240000031004209060850007000000080003301000009980100007072900100
610592000007008000000040005100030020006920130030004050904600000253400009701059040
004170060816500030200000004600050800020000003003040020090435270060800149002010005
000043005002000000873020914500000049009000000024008376200006000046001590300074260
753900160001780504004050732067400001100000000000075086002000900390040600000030800
005000307930608521800005600000074193073500400400003702301000200004000935000000000
720618050000472060100000200200000036010700480486203010905300000040006000001807000
000050000086100030720430080000210490900060203047300068000070001800641020003080006
800149000300000007004035090028004050910073600006581000000002800080017000200058410
610003002302000000000600008506070903000430275020010840039105080005040600004200030
700460002000200080009071600070036001601040900030082406007024805086000004300008000
070000048050000200209006310030000100067031854000065932000050080095300000680010009
020015900090630005000200061980020150017000006600003720350067000000902507800000009
075032000006004305300000029102408050403650000050000600500006207630500008900040030
750000002043900051001003097000000000070020106000001020060049210020607000504218760
090025301004010060050763008840650239509008000000900807006000723080000005070090000
000000037057310240832900010061700480090806100300004602100089000005031060000000300
008029300060000007020000098500201600040050870070400201802100000057800910104600502
720064003080300004430008097390000700000701040104006900200007809900003000860900130
002060410100400205000000030030928000954630021020040000090210307203050160000080500
000340910000200000004506070560704002400025091070008450610000000040052060002863040
000008000050260390070010204026000039000620000900340002090006000013070908260951403
001025409894100300200000700900650000040009000000410037080597214002000690000063800
300240506690570104800960203730000000020030040009027050048010705003000002007000030
020000000056080703390047020014960072670003400000100058080500240069000007500000980
700590300092378610530402907010050026000009703005040000900605100008030000007080200
020900000503070094800130000000002409609783150050090063000059001100000948080310500
009001350805379000300800000092030000078000503003000001480100205007483610900502780
010500400306800500004003000090004002800000007000007300005360900200700080900000700
009001000600000000003060572025000600007006091090020003000472300008000005000010000
300021450002009680001000000000040000900102000073000900000805040100096800820000000
000100230000008400508260001000006003063090000200000040400000000602700080010002970
000000200928600000003070009006013000090020300010000004870090000100006540065040800
002300000080020090100006000030701900064000100001062005000600523070000680000008410
050423600010080000000006000400065910000000300370900840000000002001070400840200790
000426087070980060004000000010549000000870000005000030007290043006000005000050820
109000840500068090002900000000000900924000370057600200000030000600050020008170400
700004312493500076006000000000020009900706030002000600000301065800900003001200900
036000500005003004041700000008930002020000950900280140002000300000000070374001205
000920070000001208028000000800006003052000000070000910080010592000050036006004080
017005002000030061000000080002400003700016900080700000840000050005060240921000000
040000160900800000063104070004002700100006904095000020010400000070310090080000200
010006208000010600602080040374900000000000350000000000486070500590268010000000060
000900300000070890000005027370002000640003050000091700060009001005600900080010076
020048000080000040407002500100007000000619280800005060560070421000000030008000906
000500010600018030050000800000906070009175640100002900900050700002040306004009080
140000020000600008090023400000008004004297000000065170062070080030046007800900006
041250769600700180007090000000062051000417020210930000008370000400006000063120840
008040002060001900009600700080002030901700200050460000000504000000000090020308100
905680302004003060000000017009020000000700050020005600200400000030090008006030400
000700803004300001000086050000001970042000016960000005530000008400050000008902000
000800034000003108600010900025400000030605000000008092562001007300200006000000050
061300480000000002000084000900050000040739500600008000000007004072800000400063805
094008000080120030700000500000010400910064070000000068060903801000000000073580000
010500807600008000002940000200003080590806100370000600000000050045030900900005020
152000060000061400004090020006109300400006000005700010020000006900080007000324009
000740230000001040037002005600008004000150000200000801068000300040900100910060400
860007050510000700000000080000980000050700000900520070030070900205041007604008003
800050003004600000000080070040035290093420050050009000012000009030006005600000032
009600007000057260070000805100200000003040020000709000096000408800090002204000650
029004500080070210000020600090000000000700348004836000240607059000080070000040002
030020090205800700780000034006000070000005100000001362000503000013008057570604020
000049507700100804800702609010905760003000008000006040000504300009020001070690000
098000000230000004400302001600008253082631000074050600000000702000090030040700069
201000600000450002400700018037060800504000001000003705080009007000304906000605083
003902000128007030060081000000005900052100080607000005010704008000003507075290000
000047362067830000000020001000102430900080000050069007003074008800000500020300174
100070003000000485804503000206150070010000002305700610000900000041685000678004000
300004710607900820000207093026000050504060000100500030000459082208070000040000007
100006090908300000060400080003040602420003000050060003009031800380972046010600000
000010000769000032500002060058074600000058300070206004687000003201803009300020000
000000014800076203009320050200000430010702060093000000040901006700003000930007548
781030060020100805049800000005008000000709602000000704000070000030620408160483500
000005000329406080050020010000180602802300000010070804206030078090000003030067005
050900068000000000603872100086703000000000016010060784000190032100080507000300890
000005000306100940004006703602003814000200009800040207178000000005000030043568000
008009600020050000091600500006502000870190050012034800000070060000248000700305029
068000007209361008104028000000540000080070050003002070040607820030004060800200090
530006087000000004080001900300509270000003000795100038100200003006000700903657020
002000400951000080460005970000742006587010009040000000670400090320059007000060020
706000208020300406030060700970506013060090007000030040000010302000740085005002900
019560700080000006000002019800039007490250860206007000900000081670040900005008000
000000070300809000200075039087090300001082000023107900902500006704923500008700000
003109200700080040900042760320000601060000000009801300000050007104036090597000830
269703005000001004040050600800496703003000000000000850538260000006085037907010000
000021003020460801100800069600900007008300000035000000280046105096158020000200080
006019000000005000093480207000000970700500010000037405009160020007053100018070534
090010450406000800000485670001800000028000931003009000079200005015006307000751000
080100064000850000100003080000207030031098706007000051650701908008600500020900003
040600209001009040023400070070000580082053600100800490094000030007390005030210000
000000500530802060004300807040001290810006450000040080605200078001070000370100609
920400030030090108081060940100000680840009701002800000060003890700002000050006014
000800734000503060600004925005079000800600000406030002562080040390000010708000250
030678140000003600006012005300006980000001007020090006008160490700000060643500020
030002000050064000200500436900841000062050048480200105000000054000038002817005000
609000005103865702000009000701003000060402000504981070400000008800007351050008040
107600090080000600300005800791526430006001075050400160000053000000060900000748006
000560000190030057006090043002000900049285000500000020307820060000643002024750000
500000001168000254002005378020000430040370000906100000300800040000003025004006893
008003410000000509300700000400000201009105000106002950080651724010007096700320000
500060903300200050097045120000050600409003000000910030003000579010009082000408360
000084607000021090009603008054007809802109005096005000063000000005000703017000540
007842000090035000000917000308470006472000030050301800806004079030000000040003580
000009720003600050008700000257108694604207800089000100402300080930000007000050006
001000020024673500300080070140830090793000050208060001000048000400200080009500032
000001007040300001560004320016940000950000060473008010007805000100006005020073096
000080006069003000370269005000006010040091000002407800093100527827030000010072000
003006290040702000650080000300000000109800052800630000400103509590060413001090060
000260080825003000000500007580000092700190000036780005000057301400300006650801070
640000000000053000390670002059300100003524900000918000470130290030009004010000036
400030629398400500001000800010270450600005000500000970080000004020010705756900008
026709000800065731037400000960300007001000050050080900000100000300007496605093002
390010052006007098010000300070005003005306071003781000980000000032000014540003007
030000940000106083090204710000000600060070002780600501006019050009008164001305000
005004300009000057702150048857000400200306870600008090010020930300000000904083000
000000081000870090904025000070008009600030708248910006400600002310040805809000430
901605240020009600800000091184032000500000070603900120050000310009570080408010000
030908000709341200008700009800090000052170004070000915004007592200050030006004007
714032009300700000602054000000096400400100060006843790000009080005320940047008000
000500638487000090605190000003004900020000460064970180000050049052081000700020800
293680000700290000054000000400060957570000860816500030007040000020050100000917028
002000070010250000457903200200065010008020047000070820005080106080490000020536900
000065089004000200801000507400080325900600000000021094370100450600074800040356000
562007000340016000000005208001000002805070001006148050050720900670901504000600007
030001009901207005602900703800000004094020006065000000006004937459100080308000400
000005900002600000085109607000006001800401793100080065000068300600237000300904520
020400006340100809008090201004010708200080900503020000470935080600800005000001407
640000700207000080000260394005070102470501009102900400851006003000003040090052000
000009000000070005006853004097080402310546008804027000200095860003104270060000000
010605390258900000600270004060000870034000905089023406006000057070008000000507030
050080436004000008000000572020390047300006000000127050560072309000000120902015700
000308000002010005403002106001000708607039514080140069500000007000060000038590021
546390000970000310030720506000267050090005600000000170000000801007810000010653702
020600307340050000601000895100230004003040006080069000706510430000000102200803600
560302004000450000340010002105000203806031000400506890007090000018000020004260015
060305847000000090080000503310040950900000070850600210005239681000800709000106000
800431692020080370306900400060102009030000010000049256150000000600004000248705000
020080103630570080809400020000920006090700002073065900040007060018050004300004201
000005209009600040407892000600300570800100903053079001060010000342007050000263007
098007000030906000460080000009478003502601400070250008000800702706094800003005069
860047001501002700007605020000300059908720000600000204005090160000003095400150087
380010067405007209006000084020008041501000026860100900000070493070400000600835000
003701000000500009000030064050090021048000306060103857010806073080010642200070008
801205000050000008006890510210004300030500497504000180162000000000600921300000846
800004060900080430000956820100002000089003000645009002500040093003000540001025678
000700610300100000050200809905010000470392501200000493041003082509040076600900000
840390127090000006000700598000104085025000370900000012009600001000080050230451060
726950010500640732400200095604718050002400079000000000165004027000000000908570000
900400670000080239700096580402005007100748305075012840000004162030000008000050000
001000490049600050800904002070109020005026340000435109056847030408003007000260000
071502608800000097040800000030084000960200000000005900124000083700000060000400000
090600710700090040600730000032000000009000801800000032000042500008006070340907000
613000075008300000200005031700210060059000200000080700060000050900140300000900106
