861395724425867931793412865956721483382649157174538692249156378537984216618273549
897612453456397812132485679961873524728564931543129768679238145215946387384751296
368459217279361548154728639627543981481976352593182476945617823732894165816235794
681259734974136825253784961528473619137695482469821573392567148846912357715348296
946815372572349681831627495413596728297138564685472139359784216168253947724961853
382914567415687239796352184927568341531749826864123975158276493273491658649835712
321984657678521394549673218154237869832169475796845132463752981985416723217398546
289653174146279835573418962352981647964527381817364529725136498698745213431892756
714632859359781624682954173573296418498175362126843795231469587865327941947518236
358419672627853941491627583946582317873196254512734896235971468169248735784365129
689724135143865792275319864721653489968472513534981276417536928896247351352198647
846395127597218436312746598673124985125869374984573612759632841461987253238451769
185764329469832157732159648857291463291346875643578291518427936326915784974683512
127684593584379612369215847791526438436891275258437169642953781873162954915748326
862947531591832746347615928274361859958724613613589274735498162186273495429156387
631427598245839716789156234196382475324765189857941362962573841413298657578614923
283945671146378952579126438357294186894761523621583794435819267962437815718652349
924153786168792345537648291785236914293514867641879523312485679456927138879361452
236849517795163824841752639418935762623417958957286143182574396569328471374691285
251938674678451392493726518137562849564897231829143765386219457715384926942675183
647892351821453679395671482259367148183524967764918523478136295536289714912745836
518947362267831945439625781786152439941783256352469817193574628874216593625398174
152478963739261485864593721286159374417836592395742618523917846941685237678324159
392684715617935824485217693826793451534162978179548236761459382258376149943821567
134826795978315264562497381793148652426753918851269473649531827385972146217684539
832617945769485132514932768958374621426158397173296854687549213241863579395721486
327859614854176293169324857275698431418732965693415782542981376786543129931267548
781534269326197845549862173675248931413759682298316754854971326937625418162483597
481795326329416587657823419574189632862354791913672854246531978795248163138967245
751934268928651473643872159486713925597428316312569784874195632139286547265347891
729435681386172945514896723692753814457281369831649257178324596265917438943568172
358419672627853941491627583946582317873196254512734896235971468169248735784365129
368459217279361548154728639627543981481976352593182476945617823732894165816235794
539426187271985364684731952318549276462873519795162438157298643826314795943657821
732986415951274683468135972193742856587613249246598731675421398324859167819367524
681259734974136825253784961528473619137695482469821573392567148846912357715348296
746159238129378456538264791974526813863491527251837649487915362692743185315682974
319564728782913456564872319851639247497251863236487195943726581678145932125398674
849231675375869124216475839587694312691382457423157968932518746764923581158746293
643179258752683149918542763325497681861325974479861325236958417184736592597214836
269743185785621394341859672852496713193578426674132859538267941416985237927314568
869521473327469851154837269612984537978315642435672918283746195796158324541293786
256719843874325691193486257385641972742598316961237485539164728427853169618972534
897612453456397812132485679961873524728564931543129768679238145215946387384751296
582179364346852197179463285865217439431598726297346851653721948918634572724985613
748631259561729348923485176379146582482953617156872493294568731617394825835217964
168497532537812964924365817743581296819726453256943781695234178481679325372158649
927418536436295178581367942173524689845639721692871453264153897718942365359786214
951862734247593168683714925125479683839625471476138592562981347394257816718346259
532678149184953672976412835315726984869341257427895316258167493791234568643589721
634912587758364291291587436975841623162753948483296175326179854549638712817425369
689724135143865792275319864721653489968472513534981276417536928896247351352198647
127684593584379612369215847791526438436891275258437169642953781873162954915748326
473568291198432657256197843862314975749285136531976428317829564985643712624751389
573284961168937254492615378721568439845379612936142587359821746687493125214756893
298563417647218539351794862435986271829175643176432958983651724512847396764329185
521867943384291756697345128138752694479683215265914837843126579716539482952478361
321984657678521394549673218154237869832169475796845132463752981985416723217398546
567842193194635728283917465318479256472586931659321847826154379735298614941763582
146589723723614958598723461257138694614297835389465172462371589935846217871952346
871954623924673518365182974146835297793421856258769341512348769437296185689517432
389621457742359681561784329216947538958132764473568912697815243134296875825473196
251784936469513278378269145985326714746891352132457869693148527827635491514972683
713456298948712635652389741374925186169847352825631974486173529597268413231594867
179264583825973164364518927581436792742195638936782415298657341417329856653841279
647892351821453679395671482259367148183524967764918523478136295536289714912745836
436957281982146357517382469273869145654213978891574632149735826768421593325698714
475831629398426517261759843819273456647195382532684971183567294924318765756942138
126739548894265731537418269962354817481972653753681924279146385318527496645893172
394618752256437198718952346179245683825396471463781529987164235632579814541823967
132587946547196283698234715214953678965871432783642591826419357359728164471365829
185764329469832157732159648857291463291346875643578291518427936326915784974683512
726394581135876294984125673573468129691532748248917356457683912312749865869251437
931685247725149638846327591184732965592461873673958124257894316319576482468213759
435928671769341258128765349841596723952173864673482915384617592217859436596234187
714632859359781624682954173573296418498175362126843795231469587865327941947518236
291547638487263591635198724873614952129835467564972183318756249952481376746329815
293684715781295346654731289432168957579423861816579432167842593928356174345917628
346851297892437615517926438164589372753264189928173564635792841271348956489615723
392648571816257493457913268274865319538129647169374825945782136683491752721536984
237465189594817263861932547416789325925643718783521694372198456659274831148356972
562897413348216795917435268431569872895372641726148359154723986673981524289654137
537861249941237865682945713823756194194328576765419328216584937459173682378692451
763845912912673854485129637534796281826451793197382465241568379659237148378914526
129478536346152879758396241964513728217684953583729164471935682692847315835261497
649385721237149586518267394985674132473521869162938457851496273726813945394752618
425619387938472615176853924697381452312546798854927136241795863583164279769238541
417685392258934761693271584162459873734816925589723416846392157375168249921547638
259781436674253918813964572125398647387546291496127853561472389748639125932815764
289653174146279835573418962352981647964527381817364529725136498698745213431892756
378165294291847635465392178523781469746259813819634752134978526652413987987526341
836729514921543867475618392657382149142956738398471625514267983783194256269835471
169358472872416395453972186941625738627839514385147269516283947294761853738594621
546391287972586314138724596381267459794135628625948173253479861467812935819653742
529681347348957261671324895167235984953148726482769513796512438835496172214873659
561382974782459136349617582195874263826931457473526891257193648618745329934268715
317489526925376841864521739653712498472893165198645372586237914749168253231954687
169325847573468192482917563316742958924581376857693214745239681631854729298176435
875431692429586371316927485564172839932658714781349256157263948693814527248795163
427689153631572489859431627584923716196748532273165948942317865718256394365894271
186745239529631748437892615691328574874156923253479861768514392342987156915263487
198547326237916584465382971619478253582631497374259618951863742726194835843725169
862947531591832746347615928274361859958724613613589274735498162186273495429156387
382914567415687239796352184927568341531749826864123975158276493273491658649835712
493761285621584739875932164357698421148257396962143857514826973789315642236479518
841275639953416278726893514219784365638521497574369182162948753485637921397152846
852734169976281435314956827137562984289413756645879312568147293723698541491325678
892735614364189257157264839935416728478392561216578493741653982529841376683927145
846395127597218436312746598673124985125869374984573612759632841461987253238451769
726953418589641732431287695694718253312465879857329146165834927273196584948572361
958423671614587239723196584482365917169748325375912846597834162231679458846251793
521378496749612853863954712374189625195726348682435179256847931418593267937261584
638415792125897436974326815812753649459162378763948521281634957397581264546279183
875431692429586371316927485564172839932658714781349256157263948693814527248795163
582179364346852197179463285865217439431598726297346851653721948918634572724985613
961843725452719638873625914537162849689437152124958376215396487746281593398574261
327859614854176293169324857275698431418732965693415782542981376786543129931267548
826347915795281634134596278569714382483625791271938456618479523347152869952863147
342798156851264397679513284426185739137629845985347612794836521513472968268951473
927418536436295178581367942173524689845639721692871453264153897718942365359786214
378165294291847635465392178523781469746259813819634752134978526652413987987526341
169358472872416395453972186941625738627839514385147269516283947294761853738594621
732986415951274683468135972193742856587613249246598731675421398324859167819367524
352691784149783526678425139835946271791532648426178395587264913963817452214359867
895724316326591874174386295267943581418675923539812647681439752952167438743258169
392684715617935824485217693826793451534162978179548236761459382258376149943821567
134826795978315264562497381793148652426753918851269473649531827385972146217684539
931685247725149638846327591184732965592461873673958124257894316319576482468213759
726953418589641732431287695694718253312465879857329146165834927273196584948572361
168497532537812964924365817743581296819726453256943781695234178481679325372158649
237465189594817263861932547416789325925643718783521694372198456659274831148356972
562897413348216795917435268431569872895372641726148359154723986673981524289654137
532678149184953672976412835315726984869341257427895316258167493791234568643589721
634912587758364291291587436975841623162753948483296175326179854549638712817425369
798315642453268791126794538215836479649127853387459216562943187971582364834671925
521867943384291756697345128138752694479683215265914837843126579716539482952478361
251938674678451392493726518137562849564897231829143765386219457715384926942675183
895472631423196587176583924638945172719328456542761893267819345954637218381254769
493761285621584739875932164357698421148257396962143857514826973789315642236479518
476935821158624973293871564981463752625187349734592186512749638849356217367218495
852734169976281435314956827137562984289413756645879312568147293723698541491325678
849231675375869124216475839587694312691382457423157968932518746764923581158746293
726394581135876294984125673573468129691532748248917356457683912312749865869251437
427689153631572489859431627584923716196748532273165948942317865718256394365894271
758694312493512876126873594637128459984756231512439687249381765865947123371265948
341258769692743185857691234734862951985417623216935478128374596479586312563129847
418729365369518427725364198583271649241956873976483251892145736657832914134697582
832617945769485132514932768958374621426158397173296854687549213241863579395721486
645921387937648521812735649526874193173592468498163752351489276784216935269357814
481795326329416587657823419574189632862354791913672854246531978795248163138967245
372865419169473285485192736731928654954637821826541973598216347243759168617384592
729435681386172945514896723692753814457281369831649257178324596265917438943568172
763845912912673854485129637534796281826451793197382465241568379659237148378914526
872149536359826147164735298728964351915273684436581729641392875583417962297658413
371248596692573184854961273735194628126835947489627351948312765563789412217456839
473568291198432657256197843862314975749285136531976428317829564985643712624751389
521378496749612853863954712374189625195726348682435179256847931418593267937261584
647192538938675142152348769365927814821453697794861253416289375279536481583714926
196328547748615923235974681967542138823167459514839762351786294479253816682491375
836729514921543867475618392657382149142956738398471625514267983783194256269835471
869175324274693518153482967645318792912746853738259146427531689586927431391864275
475831629398426517261759843819273456647195382532684971183567294924318765756942138
126743985895162437743598621962374158458219763317856294681425379579631842234987516
561382974782459136349617582195874263826931457473526891257193648618745329934268715
319564728782913456564872319851639247497251863236487195943726581678145932125398674
759186432643972851281453697412865379975324186836791524367549218128637945594218763
135876429248395671769214853651938742982467135374521986417653298596782314823149567
269743185785621394341859672852496713193578426674132859538267941416985237927314568
869521473327469851154837269612984537978315642435672918283746195796158324541293786
291547638487263591635198724873614952129835467564972183318756249952481376746329815
753924168621783594984651732867492351145368279239175486572816943398247615416539827
392648571816257493457913268274865319538129647169374825945782136683491752721536984
781534269326197845549862173675248931413759682298316754854971326937625418162483597
724618359593472861168539247257184936319765482486293715975341628842956173631827594
537861249941237865682945713823756194194328576765419328216584937459173682378692451
649385721237149586518267394985674132473521869162938457851496273726813945394752618
786591342492378615531462987819753426264819753375246891943625178128937564657184239
618753492352984167497621358546872913981436275723519846239165784175348629864297531
941835627237694851865721493192586734783412965456379182328167549579248316614953278
354716298817239564962485137726358419195624873483971652541893726679542381238167945
567842193194635728283917465318479256472586931659321847826154379735298614941763582
743962851128547639569381742431825976952176483687439215216754398894613527375298164
251784936469513278378269145985326714746891352132457869693148527827635491514972683
436957281982146357517382469273869145654213978891574632149735826768421593325698714
127359864456281793398647125814965372675823419932174658783596241269418537541732986
831546279674329815529871346457238961398165427216497538745912683183654792962783154
769241358815379462324856197192735846678914523543628971486197235257483619931562784
126739548894265731537418269962354817481972653753681924279146385318527496645893172
394618752256437198718952346179245683825396471463781529987164235632579814541823967
875932461296184375341765829162478953483659712759213684518396247634527198927841536
132587946547196283698234715214953678965871432783642591826419357359728164471365829
317489526925376841864521739653712498472893165198645372586237914749168253231954687
643179258752683149918542763325497681861325974479861325236958417184736592597214836
631427598245839716789156234196382475324765189857941362962573841413298657578614923
698425371734819562251763948847651239529378416163942857916584723482137695375296184
618592374547368291329147685195836427476925138832714956984673512253481769761259843
934172568816594732257368914641253897729681453583749621198435276365827149472916385
748631259561729348923485176379146582482953617156872493294568731617394825835217964
129478536346152879758396241964513728217684953583729164471935682692847315835261497
573284961168937254492615378721568439845379612936142587359821746687493125214756893
425619387938472615176853924697381452312546798854927136241795863583164279769238541
718463592463295187259871643874936251621547938935182476197324865586719324342658719
841275639953416278726893514219784365638521497574369182162948753485637921397152846
719526438326841579584973261697134852832695147451287396175368924243719685968452713
179264583825973164364518927581436792742195638936782415298657341417329856653841279
426815973791634285538279461983726154217548396645193728359467812164982537872351649
546391287972586314138724596381267459794135628625948173253479861467812935819653742
741259863963871524258436179697513248834627951125948637416382795572194386389765412
895724316326591874174386295267943581418675923539812647681439752952167438743258169
748253169951867342263194578634982715127536984895741623316429857572318496489675231
924153786168792345537648291785236914293514867641879523312485679456927138879361452
346851297892437615517926438164589372753264189928173564635792841271348956489615723
798315642453268791126794538215836479649127853387459216562943187971582364834671925
861395724425867931793412865956721483382649157174538692249156378537984216618273549
647192538938675142152348769365927814821453697794861253416289375279536481583714926
354716298817239564962485137726358419195624873483971652541893726679542381238167945
895472631423196587176583924638945172719328456542761893267819345954637218381254769
892735614364189257157264839935416728478392561216578493741653982529841376683927145
952384761687125394143976258238751946564839172791462835819647523475213689326598417
869437152513862749427159386741986235352714698986523471138675924295341867674298513
946815372572349681831627495413596728297138564685472139359784216168253947724961853
941835627237694851865721493192586734783412965456379182328167549579248316614953278
196328547748615923235974681967542138823167459514839762351786294479253816682491375
915687342874213965362954817659321784148769253723845691291478536437596128586132479
869175324274693518153482967645318792912746853738259146427531689586927431391864275
831546279674329815529871346457238961398165427216497538745912683183654792962783154
476935821158624973293871564981463752625187349734592186512749638849356217367218495
638415792125897436974326815812753649459162378763948521281634957397581264546279183
352691784149783526678425139835946271791532648426178395587264913963817452214359867
925748613683591742417362598196287354354619287872435169569873421741926835238154976
126743985895162437743598621962374158458219763317856294681425379579631842234987516
135876429248395671769214853651938742982467135374521986417653298596782314823149567
283945671146378952579126438357294186894761523621583794435819267962437815718652349
613492875598371642247865931734219568859637214126584793361728459985146327472953186
618592374547368291329147685195836427476925138832714956984673512253481769761259843
934172568816594732257368914641253897729681453583749621198435276365827149472916385
961843725452719638873625914537162849689437152124958376215396487746281593398574261
753924168621783594984651732867492351145368279239175486572816943398247615416539827
645921387937648521812735649526874193173592468498163752351489276784216935269357814
724618359593472861168539247257184936319765482486293715975341628842956173631827594
394758612586129734721436589638217495915864273247395168462973851859641327173582946
872149536359826147164735298728964351915273684436581729641392875583417962297658413
618753492352984167497621358546872913981436275723519846239165784175348629864297531
718463592463295187259871643874936251621547938935182476197324865586719324342658719
371592648856143297249876315532984176967231854418765932124659783795328461683417529
426815973791634285538279461983726154217548396645193728359467812164982537872351649
875932461296184375341765829162478953483659712759213684518396247634527198927841536
759186432643972851281453697412865379975324186836791524367549218128637945594218763
698425371734819562251763948847651239529378416163942857916584723482137695375296184
419562837657318249832947516261793485594826173378154692123689754745231968986475321
418729365369518427725364198583271649241956873976483251892145736657832914134697582
729164583586379214431528697398452761652791348174836925243617859915283476867945132
372865419169473285485192736731928654954637821826541973598216347243759168617384592
826347915795281634134596278569714382483625791271938456618479523347152869952863147
342798156851264397679513284426185739137629845985347612794836521513472968268951473
761325489894176352253984761937652148148739526625418937386597214572841693419263875
371248596692573184854961273735194628126835947489627351948312765563789412217456839
127359864456281793398647125814965372675823419932174658783596241269418537541732986
786591342492378615531462987819753426264819753375246891943625178128937564657184239
726948315513276894894135627371562489649783152258491763467859231135627948982314576
769241358815379462324856197192735846678914523543628971486197235257483619931562784
719526438326841579584973261697134852832695147451287396175368924243719685968452713
259781436674253918813964572125398647387546291496127853561472389748639125932815764
389621457742359681561784329216947538958132764473568912697815243134296875825473196
746159238129378456538264791974526813863491527251837649487915362692743185315682974
751934268928651473643872159486713925597428316312569784874195632139286547265347891
952384761687125394143976258238751946564839172791462835819647523475213689326598417
958423671614587239723196584482365917169748325375912846597834162231679458846251793
539426187271985364684731952318549276462873519795162438157298643826314795943657821
169325847573468192482917563316742958924581376857693214745239681631854729298176435
758694312493512876126873594637128459984756231512439687249381765865947123371265948
236849517795163824841752639418935762623417958957286143182574396569328471374691285
435928671769341258128765349841596723952173864673482915384617592217859436596234187
417685392258934761693271584162459873734816925589723416846392157375168249921547638
748253169951867342263194578634982715127536984895741623316429857572318496489675231
713456298948712635652389741374925186169847352825631974486173529597268413231594867
726948315513276894894135627371562489649783152258491763467859231135627948982314576
925748613683591742417362598196287354354619287872435169569873421741926835238154976
298563417647218539351794862435986271829175643176432958983651724512847396764329185
146589723723614958598723461257138694614297835389465172462371589935846217871952346
341258769692743185857691234734862951985417623216935478128374596479586312563129847
518947362267831945439625781786152439941783256352469817193574628874216593625398174
915687342874213965362954817659321784148769253723845691291478536437596128586132479
256719843874325691193486257385641972742598316961237485539164728427853169618972534
951862734247593168683714925125479683839625471476138592562981347394257816718346259
761325489894176352253984761937652148148739526625418937386597214572841693419263875
394758612586129734721436589638217495915864273247395168462973851859641327173582946
419562837657318249832947516261793485594826173378154692123689754745231968986475321
152478963739261485864593721286159374417836592395742618523917846941685237678324159
186745239529631748437892615691328574874156923253479861768514392342987156915263487
869437152513862749427159386741986235352714698986523471138675924295341867674298513
871954623924673518365182974146835297793421856258769341512348769437296185689517432
529681347348957261671324895167235984953148726482769513796512438835496172214873659
729164583586379214431528697398452761652791348174836925243617859915283476867945132
631427598245839716789156234196382475324765189857941362962573841413298657578614923
236849517795163824841752639418935762623417958957286143182574396569328471374691285
198547326237916584465382971619478253582631497374259618951863742726194835843725169
251938674678451392493726518137562849564897231829143765386219457715384926942675183
743962851128547639569381742431825976952176483687439215216754398894613527375298164
518947362267831945439625781786152439941783256352469817193574628874216593625398174
152478963739261485864593721286159374417836592395742618523917846941685237678324159
392684715617935824485217693826793451534162978179548236761459382258376149943821567
134826795978315264562497381793148652426753918851269473649531827385972146217684539
832617945769485132514932768958374621426158397173296854687549213241863579395721486
327859614854176293169324857275698431418732965693415782542981376786543129931267548
781534269326197845549862173675248931413759682298316754854971326937625418162483597
481795326329416587657823419574189632862354791913672854246531978795248163138967245
751934268928651473643872159486713925597428316312569784874195632139286547265347891
729435681386172945514896723692753814457281369831649257178324596265917438943568172
358419672627853941491627583946582317873196254512734896235971468169248735784365129
368459217279361548154728639627543981481976352593182476945617823732894165816235794
539426187271985364684731952318549276462873519795162438157298643826314795943657821
732986415951274683468135972193742856587613249246598731675421398324859167819367524
746159238129378456538264791974526813863491527251837649487915362692743185315682974
319564728782913456564872319851639247497251863236487195943726581678145932125398674
849231675375869124216475839587694312691382457423157968932518746764923581158746293
643179258752683149918542763325497681861325974479861325236958417184736592597214836
269743185785621394341859672852496713193578426674132859538267941416985237927314568
869521473327469851154837269612984537978315642435672918283746195796158324541293786
256719843874325691193486257385641972742598316961237485539164728427853169618972534
897612453456397812132485679961873524728564931543129768679238145215946387384751296
582179364346852197179463285865217439431598726297346851653721948918634572724985613
748631259561729348923485176379146582482953617156872493294568731617394825835217964
168497532537812964924365817743581296819726453256943781695234178481679325372158649
927418536436295178581367942173524689845639721692871453264153897718942365359786214
951862734247593168683714925125479683839625471476138592562981347394257816718346259
532678149184953672976412835315726984869341257427895316258167493791234568643589721
634912587758364291291587436975841623162753948483296175326179854549638712817425369
689724135143865792275319864721653489968472513534981276417536928896247351352198647
127684593584379612369215847791526438436891275258437169642953781873162954915748326
473568291198432657256197843862314975749285136531976428317829564985643712624751389
573284961168937254492615378721568439845379612936142587359821746687493125214756893
298563417647218539351794862435986271829175643176432958983651724512847396764329185
521867943384291756697345128138752694479683215265914837843126579716539482952478361
321984657678521394549673218154237869832169475796845132463752981985416723217398546
567842193194635728283917465318479256472586931659321847826154379735298614941763582
146589723723614958598723461257138694614297835389465172462371589935846217871952346
871954623924673518365182974146835297793421856258769341512348769437296185689517432
389621457742359681561784329216947538958132764473568912697815243134296875825473196
251784936469513278378269145985326714746891352132457869693148527827635491514972683
713456298948712635652389741374925186169847352825631974486173529597268413231594867
179264583825973164364518927581436792742195638936782415298657341417329856653841279
647892351821453679395671482259367148183524967764918523478136295536289714912745836
475831629398426517261759843819273456647195382532684971183567294924318765756942138
126739548894265731537418269962354817481972653753681924279146385318527496645893172
394618752256437198718952346179245683825396471463781529987164235632579814541823967
132587946547196283698234715214953678965871432783642591826419357359728164471365829
185764329469832157732159648857291463291346875643578291518427936326915784974683512
726394581135876294984125673573468129691532748248917356457683912312749865869251437
931685247725149638846327591184732965592461873673958124257894316319576482468213759
435928671769341258128765349841596723952173864673482915384617592217859436596234187
714632859359781624682954173573296418498175362126843795231469587865327941947518236
291547638487263591635198724873614952129835467564972183318756249952481376746329815
293684715781295346654731289432168957579423861816579432167842593928356174345917628
392648571816257493457913268274865319538129647169374825945782136683491752721536984
237465189594817263861932547416789325925643718783521694372198456659274831148356972
562897413348216795917435268431569872895372641726148359154723986673981524289654137
537861249941237865682945713823756194194328576765419328216584937459173682378692451
763845912912673854485129637534796281826451793197382465241568379659237148378914526
129478536346152879758396241964513728217684953583729164471935682692847315835261497
649385721237149586518267394985674132473521869162938457851496273726813945394752618
425619387938472615176853924697381452312546798854927136241795863583164279769238541
417685392258934761693271584162459873734816925589723416846392157375168249921547638
259781436674253918813964572125398647387546291496127853561472389748639125932815764
169358472872416395453972186941625738627839514385147269516283947294761853738594621
546391287972586314138724596381267459794135628625948173253479861467812935819653742
529681347348957261671324895167235984953148726482769513796512438835496172214873659
561382974782459136349617582195874263826931457473526891257193648618745329934268715
169325847573468192482917563316742958924581376857693214745239681631854729298176435
875431692429586371316927485564172839932658714781349256157263948693814527248795163
427689153631572489859431627584923716196748532273165948942317865718256394365894271
186745239529631748437892615691328574874156923253479861768514392342987156915263487
198547326237916584465382971619478253582631497374259618951863742726194835843725169
862947531591832746347615928274361859958724613613589274735498162186273495429156387
382914567415687239796352184927568341531749826864123975158276493273491658649835712
493761285621584739875932164357698421148257396962143857514826973789315642236479518
841275639953416278726893514219784365638521497574369182162948753485637921397152846
852734169976281435314956827137562984289413756645879312568147293723698541491325678
892735614364189257157264839935416728478392561216578493741653982529841376683927145
846395127597218436312746598673124985125869374984573612759632841461987253238451769
726953418589641732431287695694718253312465879857329146165834927273196584948572361
958423671614587239723196584482365917169748325375912846597834162231679458846251793
521378496749612853863954712374189625195726348682435179256847931418593267937261584
371592648856143297249876315532984176967231854418765932124659783795328461683417529
293684715781295346654731289432168957579423861816579432167842593928356174345917628
613492875598371642247865931734219568859637214126584793361728459985146327472953186
